1 10
100 200
201 210
900 1000
10 1
200 100
210 201
1000 900
1 10
100 200
201 210
900 1000
20 20
1 50000
100 1
100 20000
300 3001
123456 789012
234567 890123
345678 901234
456789 012345
567890 123456
678901 234567
789012 345678
890123 456789
901234 567890
1 1
2 2
1 999999
132681 365968
289586 25567
985292 260704
533481 897233
953894 864452
17815 399903
637208 860484
93306 851925
780821 924360
792712 768200
240063 529204
767952 386812
89659 437147
456812 179714
193437 220805
962467 374726
721942 867048
519109 253206
690003 907735
271979 476869
697144 471346
282071 95500
654193 8769
716257 430463
26929 542561
618206 545302
321486 502632
728776 763503
396207 373155
589032 22695
146050 965424
372019 239197
289830 829062
251666 359956
748804 987716
493016 768595
803303 913266
145814 679216
846718 591799
475733 790834
528296 244969
371001 596861
942272 191840
38835 72181
388206 162148
252693 75625
253157 393403
830175 392421
847642 528183
702267 90486
925816 326925
482317 12823
864504 636361
618578 453242
860043 540945
317588 423137
352820 899568
454849 304000
493183 310113
590895 3195
971305 513683
753773 904630
750548 565136
669890 575207
653770 259519
890547 281412
202328 724875
845870 6299
114875 862479
349464 532522
446043 654821
